scale_weights_4: 7.258858204295393e-06
scale_biases_4: 8.134780387081264e-07
scale_weights_5: 6.9264110607036855e-06
scale_biases_5: 1.1224877027871116e-07
